time/fps,time/process,time/physics_process,time/navigation_process,memory/static,memory/static_max,memory/msg_buf_max,object/objects,object/resources,object/nodes,object/orphan_nodes,raster/total_objects_drawn,raster/total_primitives_drawn,raster/total_draw_calls,video/video_mem,video/texture_mem,video/buffer_mem,physics_2d/active_objects,physics_2d/collision_pairs,physics_2d/islands,physics_3d/active_objects,physics_3d/collision_pairs,physics_3d/islands,audio/driver/output_latency,navigation/active_maps,navigation/regions,navigation/agents,navigation/links,navigation/polygons,navigation/edges,navigation/edges_merged,navigation/edges_connected,navigation/edges_free
1.0,0.0,0.0,0.0,54373552.0,56632576.0,4096.0,1190.0,3.0,6.0,0.0,0.0,0.0,0.0,8932468.0,4270624.0,1778260.0,0.0,0.0,0.0,0.0,0.0,0.0,0.034318,0.0,0.0,0.0,0.0,0.0,0.0,0.0,0.0,0.0
2289.0,0.001009,0.000494,0.000002,54370312.0,56632576.0,4096.0,1190.0,3.0,6.0,0.0,0.0,0.0,0.0,8932468.0,4270624.0,1778260.0,0.0,0.0,0.0,0.0,0.0,0.0,0.034318,0.0,0.0,0.0,0.0,0.0,0.0,0.0,0.0,0.0
3773.0,0.001237,0.00002,0.000002,54367480.0,56632576.0,4096.0,1190.0,3.0,6.0,0.0,0.0,0.0,0.0,8932468.0,4270624.0,1778260.0,0.0,0.0,0.0,0.0,0.0,0.0,0.034318,0.0,0.0,0.0,0.0,0.0,0.0,0.0,0.0,0.0
4102.0,0.001203,0.000019,0.000002,54375560.0,56632576.0,4096.0,1190.0,3.0,6.0,0.0,0.0,0.0,0.0,8932468.0,4270624.0,1778260.0,0.0,0.0,0.0,0.0,0.0,0.0,0.034318,0.0,0.0,0.0,0.0,0.0,0.0,0.0,0.0,0.0
4073.0,0.001231,0.000022,0.000002,54374352.0,56632576.0,4096.0,1190.0,3.0,6.0,0.0,0.0,0.0,0.0,8932468.0,4270624.0,1778260.0,0.0,0.0,0.0,0.0,0.0,0.0,0.034318,0.0,0.0,0.0,0.0,0.0,0.0,0.0,0.0,0.0
4097.0,0.001269,0.000027,0.000002,54370312.0,56632576.0,4096.0,1190.0,3.0,6.0,0.0,0.0,0.0,0.0,8932468.0,4270624.0,1778260.0,0.0,0.0,0.0,0.0,0.0,0.0,0.034318,0.0,0.0,0.0,0.0,0.0,0.0,0.0,0.0,0.0
3911.0,0.001016,0.000024,0.000002,54367080.0,56632576.0,4096.0,1190.0,3.0,6.0,0.0,0.0,0.0,0.0,8932468.0,4270624.0,1778260.0,0.0,0.0,0.0,0.0,0.0,0.0,0.034318,0.0,0.0,0.0,0.0,0.0,0.0,0.0,0.0,0.0
4028.0,0.001163,0.000029,0.000002,54373472.0,56632576.0,4096.0,1190.0,3.0,6.0,0.0,0.0,0.0,0.0,8932468.0,4270624.0,1778260.0,0.0,0.0,0.0,0.0,0.0,0.0,0.034318,0.0,0.0,0.0,0.0,0.0,0.0,0.0,0.0,0.0
4002.0,0.001177,0.000026,0.000002,54372736.0,56632576.0,4096.0,1190.0,3.0,6.0,0.0,0.0,0.0,0.0,8932468.0,4270624.0,1778260.0,0.0,0.0,0.0,0.0,0.0,0.0,0.034318,0.0,0.0,0.0,0.0,0.0,0.0,0.0,0.0,0.0
4086.0,0.001347,0.000033,0.000002,54370312.0,56632576.0,4096.0,1190.0,3.0,6.0,0.0,0.0,0.0,0.0,8932468.0,4270624.0,1778260.0,0.0,0.0,0.0,0.0,0.0,0.0,0.034318,0.0,0.0,0.0,0.0,0.0,0.0,0.0,0.0,0.0
3895.0,0.002429,0.000032,0.000002,54366672.0,56632576.0,4096.0,1190.0,3.0,6.0,0.0,0.0,0.0,0.0,8932468.0,4270624.0,1778260.0,0.0,0.0,0.0,0.0,0.0,0.0,0.034318,0.0,0.0,0.0,0.0,0.0,0.0,0.0,0.0,0.0
4042.0,0.001016,0.000024,0.000006,54373544.0,56632576.0,4096.0,1190.0,3.0,6.0,0.0,0.0,0.0,0.0,8932468.0,4270624.0,1778260.0,0.0,0.0,0.0,0.0,0.0,0.0,0.034318,0.0,0.0,0.0,0.0,0.0,0.0,0.0,0.0,0.0
4045.0,0.000813,0.000018,0.000002,54371928.0,56632576.0,4096.0,1190.0,3.0,6.0,0.0,0.0,0.0,0.0,8932468.0,4270624.0,1778260.0,0.0,0.0,0.0,0.0,0.0,0.0,0.034318,0.0,0.0,0.0,0.0,0.0,0.0,0.0,0.0,0.0
3966.0,0.001133,0.000018,0.000002,54369904.0,56632576.0,4096.0,1190.0,3.0,6.0,0.0,0.0,0.0,0.0,8932468.0,4270624.0,1778260.0,0.0,0.0,0.0,0.0,0.0,0.0,0.034318,0.0,0.0,0.0,0.0,0.0,0.0,0.0,0.0,0.0
4003.0,0.001033,0.000089,0.000002,54366272.0,56632576.0,4096.0,1190.0,3.0,6.0,0.0,0.0,0.0,0.0,8932468.0,4270624.0,1778260.0,0.0,0.0,0.0,0.0,0.0,0.0,0.034318,0.0,0.0,0.0,0.0,0.0,0.0,0.0,0.0,0.0
4086.0,0.00135,0.000026,0.000008,54373544.0,56632576.0,4096.0,1190.0,3.0,6.0,0.0,0.0,0.0,0.0,8932468.0,4270624.0,1778260.0,0.0,0.0,0.0,0.0,0.0,0.0,0.034318,0.0,0.0,0.0,0.0,0.0,0.0,0.0,0.0,0.0
4010.0,0.00081,0.000026,0.000006,54371120.0,56632576.0,4096.0,1190.0,3.0,6.0,0.0,0.0,0.0,0.0,8932468.0,4270624.0,1778260.0,0.0,0.0,0.0,0.0,0.0,0.0,0.034318,0.0,0.0,0.0,0.0,0.0,0.0,0.0,0.0,0.0
4100.0,0.001363,0.000072,0.000006,54369096.0,56632576.0,4096.0,1190.0,3.0,6.0,0.0,0.0,0.0,0.0,8932468.0,4270624.0,1778260.0,0.0,0.0,0.0,0.0,0.0,0.0,0.034318,0.0,0.0,0.0,0.0,0.0,0.0,0.0,0.0,0.0
4001.0,0.001012,0.000061,0.000002,54365864.0,56632576.0,4096.0,1190.0,3.0,6.0,0.0,0.0,0.0,0.0,8932468.0,4270624.0,1778260.0,0.0,0.0,0.0,0.0,0.0,0.0,0.034318,0.0,0.0,0.0,0.0,0.0,0.0,0.0,0.0,0.0
4068.0,0.001901,0.000096,0.000002,54373136.0,56632576.0,4096.0,1190.0,3.0,6.0,0.0,0.0,0.0,0.0,8932468.0,4270624.0,1778260.0,0.0,0.0,0.0,0.0,0.0,0.0,0.034318,0.0,0.0,0.0,0.0,0.0,0.0,0.0,0.0,0.0
3920.0,0.001023,0.000097,0.000002,54372328.0,56632576.0,4096.0,1190.0,3.0,6.0,0.0,0.0,0.0,0.0,8932468.0,4270624.0,1778260.0,0.0,0.0,0.0,0.0,0.0,0.0,0.034318,0.0,0.0,0.0,0.0,0.0,0.0,0.0,0.0,0.0
4008.0,0.000882,0.00003,0.000011,54367888.0,56632576.0,4096.0,1190.0,3.0,6.0,0.0,0.0,0.0,0.0,8932468.0,4270624.0,1778260.0,0.0,0.0,0.0,0.0,0.0,0.0,0.034318,0.0,0.0,0.0,0.0,0.0,0.0,0.0,0.0,0.0
3804.0,0.001247,0.000068,0.000002,54365440.0,56632576.0,4096.0,1190.0,3.0,6.0,0.0,0.0,0.0,0.0,8932468.0,4270624.0,1778260.0,0.0,0.0,0.0,0.0,0.0,0.0,0.034318,0.0,0.0,0.0,0.0,0.0,0.0,0.0,0.0,0.0
3978.0,0.001209,0.000166,0.000002,54372328.0,56632576.0,4096.0,1190.0,3.0,6.0,0.0,0.0,0.0,0.0,8932468.0,4270624.0,1778260.0,0.0,0.0,0.0,0.0,0.0,0.0,0.034318,0.0,0.0,0.0,0.0,0.0,0.0,0.0,0.0,0.0
4056.0,0.000726,0.000086,0.000002,54370312.0,56632576.0,4096.0,1190.0,3.0,6.0,0.0,0.0,0.0,0.0,8932468.0,4270624.0,1778260.0,0.0,0.0,0.0,0.0,0.0,0.0,0.034318,0.0,0.0,0.0,0.0,0.0,0.0,0.0,0.0,0.0
4108.0,0.000778,0.000069,0.000009,54368288.0,56632576.0,4096.0,1190.0,3.0,6.0,0.0,0.0,0.0,0.0,8932468.0,4270624.0,1778260.0,0.0,0.0,0.0,0.0,0.0,0.0,0.034318,0.0,0.0,0.0,0.0,0.0,0.0,0.0,0.0,0.0
3920.0,0.000747,0.000027,0.000008,54375160.0,56632576.0,4096.0,1190.0,3.0,6.0,0.0,0.0,0.0,0.0,8932468.0,4270624.0,1778260.0,0.0,0.0,0.0,0.0,0.0,0.0,0.034318,0.0,0.0,0.0,0.0,0.0,0.0,0.0,0.0,0.0
4099.0,0.002155,0.000018,0.000002,54373136.0,56632576.0,4096.0,1190.0,3.0,6.0,0.0,0.0,0.0,0.0,8932468.0,4270624.0,1778260.0,0.0,0.0,0.0,0.0,0.0,0.0,0.034318,0.0,0.0,0.0,0.0,0.0,0.0,0.0,0.0,0.0
3895.0,0.000764,0.00002,0.000002,54369504.0,56632576.0,4096.0,1190.0,3.0,6.0,0.0,0.0,0.0,0.0,8932468.0,4270624.0,1778260.0,0.0,0.0,0.0,0.0,0.0,0.0,0.034318,0.0,0.0,0.0,0.0,0.0,0.0,0.0,0.0,0.0
4107.0,0.000735,0.000031,0.000008,54367480.0,56632576.0,4096.0,1190.0,3.0,6.0,0.0,0.0,0.0,0.0,8932468.0,4270624.0,1778260.0,0.0,0.0,0.0,0.0,0.0,0.0,0.034318,0.0,0.0,0.0,0.0,0.0,0.0,0.0,0.0,0.0
3865.0,0.001267,0.000033,0.000002,54374752.0,56632576.0,4096.0,1190.0,3.0,6.0,0.0,0.0,0.0,0.0,8932468.0,4270624.0,1778260.0,0.0,0.0,0.0,0.0,0.0,0.0,0.034318,0.0,0.0,0.0,0.0,0.0,0.0,0.0,0.0,0.0
4129.0,0.000935,0.000021,0.000005,54371928.0,56632576.0,4096.0,1190.0,3.0,6.0,0.0,0.0,0.0,0.0,8932468.0,4270624.0,1778260.0,0.0,0.0,0.0,0.0,0.0,0.0,0.034318,0.0,0.0,0.0,0.0,0.0,0.0,0.0,0.0,0.0


